Memory Reboot,VØJ; Narvent
as the light fades,wav
Debutante,65daysofstatic
Echo in the Wind (Monolism Remix),Minecraft; Monolism
A Familiar Room (Monolism Remix),Minecraft; Monolism
Bromeliad (Monolism Remix),Minecraft; Monolism
Crescent Dunes (Monolism Remix),Minecraft; Monolism
Relic (Monolism Remix),Minecraft; Monolism
re:member,Ólafur Arnalds
unfold,Ólafur Arnalds; SOHN
saman,Ólafur Arnalds
brot,Ólafur Arnalds
inconsist,Ólafur Arnalds
they sink,Ólafur Arnalds
dying,Ólafur Arnalds
ypsilon,Ólafur Arnalds
partial,Ólafur Arnalds
momentary,Ólafur Arnalds
undir,Ólafur Arnalds
ekki hugsa,Ólafur Arnalds
nyepi,Ólafur Arnalds
snowfall,Øneheart; reidenshi
Night Owl,MylesYet; Absent
Resonance - Slowed & Reverb,nøtøri
interstellar.,pandora.; chillwithme; cody
New Shoes,Blue Wednesday
Cereal Killa,Blue Wednesday
"Run, Pt. 2",Andrew Applepie
Gravitational Forces,a2zMP3
Outro,M83
Endless Desert,Todd Baker
Toys,Ponder
Sayonara,Blue Wednesday
Jazz À Paris,Media Right Productions
Truth,Sappheiros
Tick Tock,Blue Wednesday
Berceuse Rework,Felix Rösch; mondena quartet
Generosity,Cageless Birds
Eclipse,AGST
Country Hymn,Adam Young
